0 20 -0
0 20 85.2
0 20 185
0 20 210.4
0 20 225.6
0 20 227.8
0 20 224.2
0 20 227.6
0 20 232.4
0 20 230.8
0 20 230.2
0 20 224.2
0 20 229.2
1 18 221.8
1 18 254.4
1 18 191.6
1 18 194.4
1 18 199.8
1 18 204.4
1 18 197.8
1 18 203.4
1 18 207.8
1 18 196.8
1 18 209
1 18 196.2
1 18 203.8
2 17 205.6
2 17 233.6
2 17 197.6
2 17 199.2
2 17 197
2 17 198.6
2 17 202.6
2 17 200.2
2 17 206
2 17 203.2
2 17 202.2
2 17 199.6
2 17 197.6
3 11 179.8
3 11 188.8
3 11 200
3 11 196
3 11 202.6
3 11 204.6
3 11 206.2
3 11 211.8
3 11 202.8
3 11 201.2
3 11 209.6
4 13 202
4 13 196.2
4 13 216.6
4 13 211.4
4 13 210.6
4 13 212.4
4 13 226.6
4 13 221.2
4 13 211
4 13 218.2
4 13 221.2
4 13 220.4
4 13 224.2
5 14 224.4
5 14 171.2
5 14 175.8
5 14 183.6
5 14 181.6
5 14 183.8
5 14 178
5 14 183
5 14 187.4
5 14 187.4
5 14 183.2
5 14 185.8